lastAccountName: Emily_Obsidian
timestamps:
  login: 1425073472790
  lastteleport: 1424555594077
  logout: 1425074250945
ipAddress: 184.89.5.155
lastlocation:
  world: survival
  x: 617.3954001945376
  y: 77.0
  z: 20.607446553491005
  yaw: 328.4589
  pitch: 22.199493
logoutlocation:
  world: survival
  x: 1422.2790289052127
  y: 64.0
  z: 312.7965504498619
  yaw: -103.03799
  pitch: 9.000141
homes:
  home:
    world: survival
    x: 1383.8345888006459
    y: 64.5625
    z: 346.63384503835704
    yaw: -348.8298
    pitch: 67.34995
afk: false
nickname: §aEmilyObsidian
