lastAccountName: EvrythngMincraft
timestamps:
  login: 1424996264855
  logout: 1424996394071
ipAddress: 24.4.130.97
lastlocation:
  world: survival
  x: 279.5
  y: 70.0
  z: 302.5
  yaw: 267.74973
  pitch: 22.499868
logoutlocation:
  world: survival
  x: 373.99010493182703
  y: 70.0
  z: 270.85498021239465
  yaw: 35.84989
  pitch: 10.6498575
