lastAccountName: Pokepickling
timestamps:
  login: 1423949879180
  lastteleport: 1423948461468
ipAddress: 99.127.248.56
lastlocation:
  world: survival
  x: 299.8619120312504
  y: 79.00746495344038
  z: 99.87546812051254
  yaw: 217.09059
  pitch: 52.69613
logoutlocation:
  world: poke
  x: 326.454619223873
  y: 75.0
  z: 18.69046417072437
  yaw: -164.02472
  pitch: 88.56451
