lastAccountName: Programmer0001
timestamps:
  login: 1424630151613
  logout: 1424630565717
  lastteleport: 1424630565668
ipAddress: 100.9.220.54
logoutlocation:
  world: survival
  x: 361.5
  y: 70.0
  z: 274.5
  yaw: -50.59033
  pitch: 23.550024
lastlocation:
  world: survival
  x: 281.0996196862215
  y: 70.0
  z: 303.09272297566355
  yaw: 292.9496
  pitch: 14.5498705
homes:
  home:
    world: survival
    x: 361.0844541763965
    y: 70.0
    z: 274.71301375877204
    yaw: -51.34033
    pitch: 23.550024
  cruello:
    world: survival
    x: 1080.1426123157971
    y: 64.0
    z: 371.5114215128061
    yaw: 347.94522
    pitch: 4.827947
  khouse:
    world: survival
    x: 1387.6945154702084
    y: 63.0
    z: 346.36685343993423
    yaw: 99.514885
    pitch: 5.6999574
