lastAccountName: ThunderPunchJN
timestamps:
  login: 1424565080899
  logout: 1424565097028
ipAddress: 50.108.190.107
logoutlocation:
  world: survival
  x: 1499.4772966010462
  y: 122.0
  z: 858.9341246523892
  yaw: 82.04773
  pitch: 25.8
