lastAccountName: rusty2226
timestamps:
  login: 1424829803630
  logout: 1424830070869
ipAddress: 67.243.148.207
lastlocation:
  world: survival
  x: 279.5
  y: 70.0
  z: 302.5
  yaw: 267.74973
  pitch: 22.499868
logoutlocation:
  world: survival
  x: 299.4506240573065
  y: 60.95411579758531
  z: 254.7127349293459
  yaw: 103.38907
  pitch: 22.41599
