lastAccountName: DutchCompuNerd
timestamps:
  login: 1424011416159
  logout: 1424011489882
ipAddress: 80.56.114.171
logoutlocation:
  world: survival
  x: 371.2249739070466
  y: 69.0
  z: 283.3922088729177
  yaw: -151.65022
  pitch: -2.850144
