lastAccountName: chess1154
timestamps:
  login: 1425591238970
  logout: 1425591243570
  lastteleport: 1423947480141
ipAddress: 98.223.221.44
logoutlocation:
  world: survival
  x: 359.0225110791232
  y: 70.0
  z: 275.7914369843094
  yaw: 123.299614
  pitch: 22.94991
lastlocation:
  world: survival
  x: 600.6999999880791
  y: 72.0
  z: 202.67322178649948
  yaw: 87.86325
  pitch: 19.050022
