lastAccountName: youngshrek
timestamps:
  login: 1425857824380
  logout: 1425858038944
  lastteleport: 1425857964975
ipAddress: 50.48.138.244
logoutlocation:
  world: world
  x: -165.3104345893953
  y: 76.94555240167524
  z: 59.43769425500291
  yaw: 173.99652
  pitch: -24.150028
nickname: Shrek
lastlocation:
  world: world
  x: -126.62483953587571
  y: 78.0
  z: 148.57663068931328
  yaw: 166.79886
  pitch: 6.3000746
