lastAccountName: CruelloTheGamer
timestamps:
  login: 1424565677790
  lastteleport: 1424565712499
  logout: 1424565794964
ipAddress: 173.175.179.80
lastlocation:
  world: beast
  x: 690.3000000119209
  y: 15.0
  z: 1610.5357883925908
  yaw: 97.24611
  pitch: 16.623966
logoutlocation:
  world: survival
  x: 393.30000001192093
  y: 63.10408037809304
  z: 307.06290466803955
  yaw: 103.84526
  pitch: 2.752425
