lastAccountName: skattterdude
timestamps:
  login: 1424462577712
  logout: 1424462752397
ipAddress: 72.220.203.161
logoutlocation:
  world: survival
  x: 160.14225010363683
  y: 66.0
  z: 503.2454013355236
  yaw: 30.83435
  pitch: 15.299982
