lastAccountName: Meowcat285
timestamps:
  login: 1424360298219
  logout: 1424360321224
ipAddress: 174.29.166.147
logoutlocation:
  world: survival
  x: 287.7027181352278
  y: 67.0
  z: 302.8344122941859
  yaw: 110.09943
  pitch: 32.84997
