lastAccountName: oakpower
timestamps:
  login: 1423947294775
  logout: 1423948990299
ipAddress: 104.50.252.156
lastlocation:
  world: poke
  x: 290.699999988079
  y: 67.0
  z: 36.9577093423468
  yaw: -43.995472
  pitch: 24.899984
logoutlocation:
  world: survival
  x: 296.69999998807907
  y: 62.0
  z: 308.7257824733425
  yaw: 40.200104
  pitch: -51.29999
