lastAccountName: TitainiuMDiemund
timestamps:
  login: 1426008365029
  logout: 1426008521298
ipAddress: 92.0.49.148
lastlocation:
  world: survival
  x: 279.5
  y: 70.0
  z: 302.5
  yaw: 267.74973
  pitch: 22.499868
logoutlocation:
  world: survival
  x: 282.76184822648054
  y: 70.0
  z: 300.965224698492
  yaw: -127.051636
  pitch: 28.049896
