lastAccountName: HairyToeMan
timestamps:
  login: 1425096587047
  logout: 1425096607781
ipAddress: 50.48.138.244
logoutlocation:
  world: survival
  x: 480.4567741785413
  y: 76.0
  z: 318.31241246195606
  yaw: 339.3006
  pitch: -16.800156
