lastAccountName: ShadowPunchAsh
timestamps:
  login: 1423874683318
  logout: 1423874697047
ipAddress: 74.69.32.15
logoutlocation:
  world: survival
  x: 279.30000001192093
  y: 70.0
  z: 304.89710617637877
  yaw: 272.6548
  pitch: 20.59518
