lastAccountName: DJ_TheProCrafter
timestamps:
  login: 1425850302495
  logout: 1425850396054
ipAddress: 108.34.249.117
logoutlocation:
  world: survival
  x: -3765.8556560384654
  y: 65.0
  z: 485.4516280685072
  yaw: -55.06311
  pitch: 9.187592
lastlocation:
  world: survival
  x: 1422.5333192484452
  y: 79.0
  z: 798.6064175740829
  yaw: -44.03586
  pitch: 7.619079
godmode: true
