lastAccountName: twilysparklez
timestamps:
  login: 1424568799872
  kits:
    color: 1424565885632
  logout: 1424568917739
  lastteleport: 1424565519842
ipAddress: 192.168.1.1
lastlocation:
  world: survival
  x: 279.5
  y: 70.0
  z: 302.5
  yaw: 268.19974
  pitch: 22.499868
nickname: §1§kD§d§otwilysparklez§1§kD
logoutlocation:
  world: beast
  x: 726.0042564576535
  y: 16.0155550727022
  z: 1605.699999988079
  yaw: -262.43085
  pitch: 23.25001
afk: false
