lastAccountName: honey_poop
timestamps:
  login: 1424057916194
  logout: 1424057923767
ipAddress: 67.247.94.23
logoutlocation:
  world: world
  x: -139.40596121631214
  y: 79.0
  z: 246.2806464053911
  yaw: 131.56032
  pitch: 30.599985
