lastAccountName: DiamondWiz42
timestamps:
  login: 1425593437548
  lastteleport: 1424472235093
  logout: 1425593507005
ipAddress: 99.45.109.65
lastlocation:
  world: survival_nether
  x: 30.28684657032136
  y: 87.5
  z: 34.17664037759231
  yaw: -158.69174
  pitch: 19.34993
logoutlocation:
  world: survival
  x: 444.54807046218025
  y: 72.0
  z: 218.76249998807907
  yaw: -157.64795
  pitch: 41.69999
