lastAccountName: dubstepkillerz
timestamps:
  login: 1424513833626
  lastteleport: 1424514745217
  logout: 1424514780337
ipAddress: 207.255.217.164
lastlocation:
  world: survival
  x: 1396.699999988079
  y: 3.0
  z: 785.3000000119209
  yaw: 332.36536
  pitch: 70.54587
logoutlocation:
  world: survival
  x: 306.69999998807907
  y: 62.0
  z: 299.05397658735313
  yaw: 252.51492
  pitch: 55.93654
