lastAccountName: taylorb1997
timestamps:
  login: 1422133618376
  logout: 1422135369853
  lastteleport: 1422135342648
ipAddress: 71.226.122.22
lastlocation:
  world: beast
  x: 836.8860122438446
  y: 4.0
  z: 1664.602950402099
  yaw: -142.55309
  pitch: 24.449997
logoutlocation:
  world: beast
  x: 726.8212718184369
  y: 20.11420523525789
  z: 1568.2457120897282
  yaw: -12.203746
  pitch: -33.000027
money: '134.82'
nickname: §kg§bTaylor§kg
