lastAccountName: xXChloeOXx
timestamps:
  login: 1422047038089
  lastteleport: 1422047167011
  logout: 1422047497570
ipAddress: 173.69.25.129
lastlocation:
  world: survival
  x: 279.30000001192093
  y: 70.0
  z: 302.7584518998584
  yaw: 184.09412
  pitch: 16.9637
logoutlocation:
  world: survival
  x: 1385.633564848103
  y: 79.0
  z: 809.5308799786397
  yaw: 24.742065
  pitch: 22.951
money: '40.33'
