lastAccountName: BMcgregor2003
timestamps:
  login: 1418431637448
  logout: 1418432490705
ipAddress: 96.25.76.253
lastlocation:
  world: survival
  x: 279.5
  y: 70.0
  z: 302.5
  yaw: 267.74973
  pitch: 22.499868
logoutlocation:
  world: survival
  x: 440.17791051703904
  y: 64.0
  z: 177.69999998807899
  yaw: 3.6235352
  pitch: 2.0999968
money: '50.90999999999999'
