lastAccountName: LightningPig23
timestamps:
  login: 1423326866476
  logout: 1423327150337
ipAddress: 97.100.172.21
lastlocation:
  world: survival
  x: 279.5
  y: 70.0
  z: 302.5
  yaw: 267.74973
  pitch: 22.499868
logoutlocation:
  world: survival
  x: 426.61759600596935
  y: 72.0
  z: 227.69999998807904
  yaw: 92.25037
  pitch: 5.09986
