lastAccountName: DeNile227
timestamps:
  login: 1419040341275
  logout: 1419041349862
ipAddress: 66.67.34.123
lastlocation:
  world: survival
  x: 274.9828933064125
  y: 66.0
  z: 301.3818548881763
  yaw: -43.950207
  pitch: 19.049868
logoutlocation:
  world: survival
  x: 301.9251553751932
  y: 62.0
  z: 297.6427256121349
  yaw: 221.84972
  pitch: 44.849873
money: '55.67000000000001'
