lastAccountName: NayutaKatana
timestamps:
  login: 1418545475440
  lastteleport: 1418545617918
  logout: 1418545845134
ipAddress: 122.149.197.73
lastlocation:
  world: survival
  x: 255.29581910020818
  y: 57.72115556522373
  z: 297.4328402184653
  yaw: -95.23099
  pitch: -11.700013
logoutlocation:
  world: survival
  x: 544.8359685290811
  y: 73.0
  z: 270.471814872889
  yaw: -103.53785
  pitch: 30.45003
money: '39.11999999999999'
