lastlocation:
  world: survival
  x: 279.5
  y: 70.0
  z: 302.5
  yaw: 267.74973
  pitch: 22.499868
lastAccountName: Matcutter
timestamps:
  login: 1421192870223
  logout: 1421193020446
ipAddress: 172.218.97.40
logoutlocation:
  world: survival
  x: 376.86224019744645
  y: 70.0
  z: 257.30000001192093
  yaw: 241.12491
  pitch: 8.500877
money: '34.839999999999996'
