lastAccountName: tree_puncher5
timestamps:
  login: 1422174278318
  logout: 1422174292193
  lastteleport: 1422174284894
ipAddress: 203.219.11.100
lastlocation:
  world: survival
  x: 18.46290814727046
  y: 9.0
  z: -61.71648673829766
  yaw: 234.48242
  pitch: -0.8999969
afk: false
money: '399999999997.93'
logoutlocation:
  world: survival
  x: 280.25721511685884
  y: 70.0
  z: 302.6189074699414
  yaw: 278.2497
  pitch: 16.799864
