lastAccountName: Juno2120
timestamps:
  login: 1419050227450
  logout: 1419050998131
ipAddress: 99.42.80.27
lastlocation:
  world: survival
  x: 279.5
  y: 70.0
  z: 302.5
  yaw: 267.74973
  pitch: 22.499868
logoutlocation:
  world: survival
  x: 388.5776188680373
  y: 69.0
  z: -326.3955804057331
  yaw: 178.0752
  pitch: 16.620632
money: '50.410000000000004'
