lastAccountName: ant1her0
timestamps:
  login: 1418543095117
  logout: 1418543099090
ipAddress: 12.51.39.70
lastlocation:
  world: survival
  x: 279.5
  y: 70.0
  z: 302.5
  yaw: 267.74973
  pitch: 22.499868
logoutlocation:
  world: survival
  x: 479.3232215973885
  y: 72.0
  z: 272.8543118960359
  yaw: -52.64987
  pitch: 14.699995
money: '36.17'
