lastAccountName: kekeboy02
timestamps:
  login: 1422721775080
  lastteleport: 1422723645624
  logout: 1422723696131
ipAddress: 82.164.67.45
lastlocation:
  world: survival
  x: 1959.5866437954312
  y: 63.875
  z: 126.62684371861927
  yaw: 148.00546
  pitch: 45.59945
homes:
  home:
    world: survival
    x: 1957.873479816192
    y: 63.0
    z: 126.55964232112962
    yaw: 265.48102
    pitch: 31.42113
nickname: §3§lAwe§5§lsome
logoutlocation:
  world: survival
  x: 308.1460698632308
  y: 68.0
  z: 310.60175692731514
  yaw: 292.82513
  pitch: 30.33526
