lastAccountName: manf
timestamps:
  login: 1418153948031
  logout: 1418154421317
ipAddress: 93.44.49.53
lastlocation:
  world: survival
  x: 279.5
  y: 70.0
  z: 302.5
  yaw: 267.74973
  pitch: 22.499868
logoutlocation:
  world: survival
  x: 342.72819437480564
  y: 63.0
  z: 507.8325920919604
  yaw: 4.951538
  pitch: 17.250113
money: '43.11'
