lastAccountName: Stellarshock7
timestamps:
  login: 1421499870657
  logout: 1421500046643
ipAddress: 95.44.4.202
lastlocation:
  world: survival
  x: 279.5
  y: 70.0
  z: 302.5
  yaw: 267.74973
  pitch: 22.499868
logoutlocation:
  world: survival
  x: 339.2685429839069
  y: 69.0
  z: 358.7219612280675
  yaw: -16.461182
  pitch: 23.724209
money: '33.42'
