lastAccountName: World_Dominater
timestamps:
  login: 1418527858959
  logout: 1418528534411
ipAddress: 98.163.243.185
lastlocation:
  world: survival
  x: 279.5
  y: 70.0
  z: 302.5
  yaw: 267.74973
  pitch: 22.499868
logoutlocation:
  world: survival
  x: 351.48120650090596
  y: 64.0
  z: 396.27541406080127
  yaw: 184.0675
  pitch: 90.0
money: '56.13999999999999'
