lastlocation:
  world: survival
  x: 279.5
  y: 70.0
  z: 302.5
  yaw: 267.74973
  pitch: 22.499868
lastAccountName: sebbanX
timestamps:
  login: 1421419820076
  logout: 1421420011118
ipAddress: 83.253.152.205
logoutlocation:
  world: survival
  x: 370.2484001941744
  y: 60.0
  z: 327.15250315401386
  yaw: 88.79962
  pitch: 1.6498393
money: '33.75'
