lastAccountName: DiamondBoyALS
timestamps:
  login: 1422060982561
  lastteleport: 1417747685661
  logout: 1422061061483
ipAddress: 98.198.222.58
lastlocation:
  world: survival
  x: 174.01808627194217
  y: 59.023950478374985
  z: 224.46170374518653
  yaw: 145.5091
  pitch: 14.296316
logoutlocation:
  world: survival
  x: 140.04699208880567
  y: 83.0
  z: 334.0456861876019
  yaw: -7.1999645
  pitch: 2.6553526
money: '31.93'
