lastAccountName: Elite_Jacob
timestamps:
  login: 1420944171730
  logout: 1420944559098
ipAddress: 73.0.49.230
lastlocation:
  world: survival
  x: 279.5
  y: 70.0
  z: 302.5
  yaw: 267.74973
  pitch: 22.499868
logoutlocation:
  world: survival
  x: 336.61843248992506
  y: 70.0
  z: 244.87094125387503
  yaw: -67.35052
  pitch: -1.0500001
money: '37.61000000000001'
