lastAccountName: baconbobby132
timestamps:
  login: 1421009385640
  logout: 1421009869442
ipAddress: 108.235.237.69
lastlocation:
  world: survival
  x: 453.1580316482912
  y: 71.0
  z: 271.96782029463986
  yaw: -123.83945
  pitch: 14.107175
logoutlocation:
  world: survival
  x: 279.37377187891315
  y: 70.0
  z: 302.96893998659795
  yaw: 267.9493
  pitch: 20.7469
money: '51.98'
