lastAccountName: DJcraft88pvp
timestamps:
  login: 1419450242036
  lastteleport: 1419450619031
  logout: 1419450737170
ipAddress: 99.60.183.16
lastlocation:
  world: survival
  x: 358.91662023285767
  y: 62.0
  z: -265.0477626581815
  yaw: 323.48157
  pitch: 20.265223
logoutlocation:
  world: survival
  x: 396.3028124208942
  y: 19.0
  z: -319.9466294795975
  yaw: 114.203445
  pitch: 5.813535
money: '53.83'
