lastAccountName: thomash20021
timestamps:
  login: 1422222326909
  logout: 1422222409577
ipAddress: 71.161.91.172
lastlocation:
  world: survival
  x: 279.5
  y: 70.0
  z: 302.5
  yaw: 267.74973
  pitch: 22.499868
logoutlocation:
  world: survival
  x: 1439.420671652705
  y: 74.0
  z: 851.1844739535377
  yaw: 60.82564
  pitch: 10.949997
money: '58.31'
