lastAccountName: DutchCompuNerd
timestamps:
  login: 1423659049043
  logout: 1423659207304
ipAddress: 192.168.1.69
lastlocation:
  world: survival
  x: 279.5
  y: 70.0
  z: 302.5
  yaw: 267.74973
  pitch: 22.499868
afk: false
logoutlocation:
  world: survival
  x: 339.1367551462508
  y: 68.0
  z: 291.9719381681282
  yaw: 269.0998
  pitch: 20.099865
