lastAccountName: joshieo303
timestamps:
  login: 1422477730652
  lastteleport: 1420834265717
  logout: 1422478589893
ipAddress: 109.76.59.131
lastlocation:
  world: survival
  x: 1384.9994011809429
  y: 82.0
  z: 823.6999999880791
  yaw: -256.2158
  pitch: -54.797985
logoutlocation:
  world: survival
  x: 1431.2355287640237
  y: 79.0
  z: 815.8377134855724
  yaw: -357.01453
  pitch: 49.20001
money: '68.77'
nickname: §a§lDERPATRON
