lastAccountName: Mr_Kalebas
timestamps:
  login: 1423372130816
  logout: 1423372141967
ipAddress: 142.196.74.69
lastlocation:
  world: survival
  x: 279.5
  y: 70.0
  z: 302.5
  yaw: 267.74973
  pitch: 22.499868
logoutlocation:
  world: survival
  x: 1387.510196862066
  y: 63.0
  z: 347.8533843706116
  yaw: 119.499504
  pitch: 14.999585
nickname: Mr_Kalebas
