lastAccountName: craftgirl129
timestamps:
  login: 1421076902365
  lastteleport: 1421013745824
  logout: 1421077488674
ipAddress: 98.220.144.29
lastlocation:
  world: survival
  x: 13236.044686587451
  y: 182.0
  z: 37186.978561136595
  yaw: -44.206703
  pitch: 17.273016
logoutlocation:
  world: survival
  x: 15612.057128721797
  y: 63.0
  z: 36874.28160946408
  yaw: 274.9819
  pitch: 12.003096
homes:
  home:
    world: survival
    x: 15603.740263604106
    y: 63.0
    z: 36874.824671164686
    yaw: 239.00351
    pitch: 20.700008
money: '392.89000000000027'
