lastAccountName: tglane
timestamps:
  login: 1417830317158
  logout: 1417830942320
ipAddress: 71.12.248.30
lastlocation:
  world: survival
  x: 192.5
  y: 68.0
  z: 240.5
  yaw: 0.0
  pitch: 0.0
logoutlocation:
  world: survival
  x: 279.37377187891315
  y: 70.0
  z: 302.96893998659795
  yaw: 271.79974
  pitch: 1.3498684
money: '30.0'
