lastAccountName: 31823511-7cca-3ac2-8cd8-d683de019971 (1)
timestamps:
  login: 1421276226141
  logout: 1421276461355
ipAddress: 68.7.189.120
lastlocation:
  world: survival
  x: 279.5
  y: 70.0
  z: 302.5
  yaw: 267.74973
  pitch: 22.499868
logoutlocation:
  world: survival
  x: 366.69999998807907
  y: 69.0
  z: 288.98844319612476
  yaw: 88.65207
  pitch: 13.199868
