lastAccountName: E_Enderman
timestamps:
  login: 1421902650656
  logout: 1421903365700
ipAddress: 207.81.62.21
lastlocation:
  world: survival
  x: 279.5
  y: 70.0
  z: 302.5
  yaw: 267.74973
  pitch: 22.499868
logoutlocation:
  world: survival
  x: 322.69999998807907
  y: 60.85000001788139
  z: 128.69999998807913
  yaw: 317.1055
  pitch: 33.97931
money: '46.1'
