lastAccountName: unknown0265
timestamps:
  login: 1420370816687
  lastteleport: 1420374357415
  logout: 1420374949545
ipAddress: 66.66.203.45
lastlocation:
  world: survival
  x: 1438.5831004032962
  y: 44.0
  z: 96.0270057116656
  yaw: -257.4606
  pitch: 27.599998
nickname: §k1§4Unknown§k1
afk: false
logoutlocation:
  world: survival
  x: 1660.4007881331868
  y: 68.0
  z: 91.1793624651566
  yaw: 177.90881
  pitch: 16.95
money: '133.10999999999999'
