lastAccountName: DarkShadow1048
timestamps:
  login: 1420944196832
  logout: 1420944581649
ipAddress: 66.176.133.156
lastlocation:
  world: survival
  x: 279.5
  y: 70.0
  z: 302.5
  yaw: 267.74973
  pitch: 22.499868
logoutlocation:
  world: survival
  x: 413.48919002508393
  y: 69.0
  z: 297.4208638428283
  yaw: 194.24866
  pitch: 30.149883
money: '39.120000000000005'
