lastAccountName: edaniels00
timestamps:
  login: 1423441218050
  logout: 1423442555918
  lastteleport: 1423442421600
ipAddress: 66.66.194.137
lastlocation:
  world: survival
  x: 351.41967831231756
  y: 69.0155550727022
  z: 308.7028621826793
  yaw: 211.35394
  pitch: 39.43818
logoutlocation:
  world: survival
  x: 584.4812317174836
  y: 20.200000047683723
  z: 646.6999999880791
  yaw: 72.655075
  pitch: 40.83359
