lastAccountName: norwegian_wolf
timestamps:
  login: 1422721862448
  lastteleport: 1422722746046
  logout: 1422723618622
ipAddress: 88.95.111.193
lastlocation:
  world: survival
  x: 795.232785351971
  y: 69.0
  z: 113.85328515890508
  yaw: 322.09808
  pitch: -0.15003158
logoutlocation:
  world: survival
  x: 1958.762499988079
  y: 63.0
  z: 127.03703164046627
  yaw: -97.54834
  pitch: 19.94994
