lastAccountName: TinytoothlessG
timestamps:
  login: 1423699657680
  logout: 1423699739235
ipAddress: 192.168.1.69
lastlocation:
  world: survival
  x: 279.5
  y: 70.0
  z: 302.5
  yaw: 267.74973
  pitch: 22.499868
logoutlocation:
  world: survival
  x: 356.7241665057525
  y: 70.0
  z: 280.4928843648997
  yaw: 272.7008
  pitch: 88.64998
