lastAccountName: Cryex99
timestamps:
  login: 1423789166609
  logout: 1423789176361
ipAddress: 192.168.1.69
lastlocation:
  world: survival
  x: 279.5
  y: 70.0
  z: 302.5
  yaw: 267.74973
  pitch: 22.499868
logoutlocation:
  world: survival
  x: 280.5726981272808
  y: 70.0
  z: 302.49663651859737
  yaw: 184.64978
  pitch: 18.599874
