lastAccountName: ells1361
timestamps:
  login: 1422318697945
  lastteleport: 1420944581052
  logout: 1422318703345
ipAddress: 50.177.106.36
lastlocation:
  world: survival
  x: 337.5
  y: 71.0
  z: 458.5
  yaw: 128.5478
  pitch: 15.600011
logoutlocation:
  world: survival
  x: 334.10471621334005
  y: 71.0
  z: 463.8892450471183
  yaw: 28.197618
  pitch: 24.749996
money: '39.120000000000005'
